3.457	3.457	1
25.675	25.675	2
43.778	43.778	3
59.427	59.427	4
73.913	73.913	5
87.019	87.019	6
94.633	94.633	7
102.771	102.771	8
109.246	109.246	9
120.643	120.643	10
136.292	136.292	11
144.825	144.825	12
173.771	173.771	13
194.358	194.358	14
205.570	205.570	15
218.990	218.990	16
240.298	240.298	17
252.255	252.255	18
268.105	268.105	19
288.442	288.442	20
304.051	304.051	21
311.654	311.654	22
338.554	338.554	23
351.931	351.931	24
369.566	369.566	25
386.786	386.786	26
403.760	403.760	27
420.087	420.087	28
446.279	446.279	29
461.994	461.994	30
475.118	475.118	31
499.900	499.900	32
510.485	510.485	
