\id EST
\c 9
\level verse
\separators . ? ! : ; ,
2.5	16.2	1
16.2	26.74	2
26.74	36.66	3
36.66	45.2	4
45.2	53	5
53	56.72	6
56.72	60.86	7
60.86	64.6	8
64.6	70.88	9
70.88	80.82	10
80.82	85.92	11
85.92	105.66	12
105.66	119.4	13
119.4	125.82	14
125.82	135.32	15
135.32	148.88	16
148.88	157.4	17
157.4	168.3	18
168.3	181.02	19
181.02	190.18	20
190.18	195.78	21
195.78	213.68	22
213.68	223.72	23
223.72	234.62	24
234.62	247.66	25
247.66	258.54	26
258.54	269.04	27
269.04	287.04	28
287.04	296.58	29
296.58	305.34	30
305.34	321.88	31
321.88	330.8	32