6.400	6.400	1
21.680	21.680	2
34.580	34.580	3
43.860	43.860	4
49.920	49.920	5
56.840	56.840	6
61.300	61.300	7
65.800	65.800	8
70.200	70.200	9
76.760	76.760	10
87.660	87.660	11
93.060	93.060	12
113.760	113.760	13
128.960	128.960	14
139.360	139.360	15
149.980	149.980	16
166.040	166.040	17
175.320	175.320	18
186.220	186.220	19
198.300	198.300	20
205.680	205.680	21
210.440	210.440	22
226.260	226.260	23
235.860	235.860	24
248.660	248.660	25
263.220	263.220	26
274.940	274.940	27
283.880	283.880	28
300.480	300.480	29
312.100	312.100	30
320.880	320.880	31
335.160	335.160	32
