3.080	3.080	1
18.960	18.960	2
30.640	30.640	3
40.100	40.100	4
48.240	48.240	5
55.160	55.160	6
59.400	59.400	7
64.115	64.115	8
66.200	66.200	9
70.460	70.460	10
78.120	78.120	11
82.860	82.860	12
100.580	100.580	13
111.800	111.800	14
119.080	119.080	15
128.880	128.880	16
141.540	141.540	17
149.740	149.740	18
159.960	159.960	19
170.180	170.180	20
177.320	177.320	21
182.880	182.880	22
197.520	197.520	23
202.960	202.960	24
214.160	214.160	25
225.680	225.680	26
235.500	235.500	27
247.880	247.880	28
261.500	261.500	29
269.500	269.500	30
277.880	277.880	31
290.260	290.260	32
