2.409	2.409	1
16.924	16.924	2
27.970	27.970	3
37.904	37.904	4
47.370	47.370	5
55.147	55.147	6
59.251	59.251	7
63.783	63.783	8
67.476	67.476	9
73.560	73.560	10
83.441	83.441	11
89.465	89.465	12
108.324	108.324	13
122.279	122.279	14
129.941	129.941	15
139.235	139.235	16
152.850	152.850	17
161.896	161.896	18
172.713	172.713	19
185.512	185.512	20
194.312	194.312	21
199.433	199.433	22
215.735	215.735	23
225.258	225.258	24
235.966	235.966	25
247.969	247.969	26
259.258	259.258	27
269.774	269.774	28
285.626	285.626	29
295.791	295.791	30
304.002	304.002	31
319.333	319.333	32
328.411	328.411	
